0.00111458714468	0.00111547992808	0.994432175839	0.00111387087668	0.00111113755276	0.00111274865857	
0.00494740362748	0.00496475156933	0.00495787733871	0.00494530800497	0.00493981761743	0.975244841842	
0.00166530222745	0.991682755895	0.00166606740019	0.0016623812254	0.0016609990945	0.00166249415698	
0.970914154941	0.0240997298814	0.0012483939176	0.00124571685673	0.00124490014504	0.00124710425852	
0.00542643549166	0.00543384374321	0.00542685059401	0.972886006421	0.00541096738589	0.00541589636406	
0.00432213065338	0.00432234787735	0.167987206711	0.00432158610547	0.81473443483	0.00431229382253	
0.00510013242036	0.005109193928	0.00511161291192	0.347739375503	0.631845831259	0.00509385397783	
0.00243504805203	0.611308325427	0.0024407952678	0.00243553997297	0.378950040145	0.00243025113538	
0.00157347729338	0.00157192936807	0.99214759039	0.00156858973617	0.00156817263281	0.00157024057951	
0.00125330638804	0.0976675397399	0.897318089687	0.00125456768803	0.00125232340719	0.00125417308956	
0.715998222046	0.00350354970097	0.00350585172838	0.00349982476757	0.26999254391	0.0035000078476	
0.00262822559593	0.00262621117158	0.986870944952	0.00262177601454	0.00263169551263	0.00262114675341	
0.0049384250904	0.975283574347	0.00495263098307	0.00494335118466	0.00494332415424	0.00493869424094	
0.00262124432776	0.00263213448628	0.00262947285783	0.986868698109	0.00262367026613	0.00262477995321	
0.00671007431619	0.966422771194	0.00673203563856	0.00671254643446	0.00670854699708	0.00671402541981	
0.00233624842545	0.00233747745693	0.596897908066	0.393751516307	0.00234259280195	0.00233425694198	
0.00123435639083	0.993823869544	0.00123906712608	0.00123476374409	0.00123413225375	0.00123381094098	
0.0018649091123	0.444911845799	0.547623837691	0.00186728449904	0.00186488406544	0.00186723883238	
0.982105068938	0.00358750001194	0.00358423051675	0.00357553137865	0.00357100225914	0.00357666689588	
0.00322923072864	0.983845596097	0.00323446678441	0.00323187075031	0.00322644795068	0.00323238768909	
0.00883628913385	0.00885281194444	0.955813945833	0.00882075324886	0.00883332673798	0.00884287310199	
0.00507840548669	0.974553569626	0.00509446876762	0.00509154630797	0.0050930471582	0.0050889626532	
0.00510369578951	0.40747479046	0.00510376522348	0.00509176543224	0.00508612540194	0.572139857693	
0.00306325701226	0.98470933249	0.00306690029254	0.00305933392132	0.00304872795629	0.0030524483274	
0.0027590770036	0.00276219968464	0.986204518195	0.00275778859505	0.00275409270678	0.00276232381472	
0.00932312461043	0.00935491781011	0.953333770457	0.00933179884663	0.009312024813	0.00934436346315	
0.953292485155	0.00936244193614	0.00934483219043	0.00932571478427	0.00933909798212	0.0093354279522	
0.00599612649527	0.00602574846628	0.00601969033501	0.969945088109	0.00602058532146	0.00599276127276	
0.00213333627656	0.00212870299994	0.989358410672	0.00212561235984	0.00212821905906	0.00212571863253	
0.00254680573573	0.987255822978	0.0025533609803	0.00254676942853	0.00254705783068	0.00255018304704	
0.00132115546376	0.993381331759	0.00132549546251	0.00132463679905	0.00132459651012	0.00132278400506	
0.00135484555084	0.602945837214	0.391633689917	0.00135473317644	0.00135469167515	0.00135620246605	
0.00122665076464	0.905746703227	0.0893424045598	0.00123046607119	0.0012287315422	0.00122504383542	
0.00117856716413	0.994120435548	0.00117760774159	0.00117545283348	0.00117378770221	0.00117414901015	
0.00236500044202	0.00326929756011	0.98726540307	0.00236836834786	0.00236534976023	0.00236658082	
0.00493505326404	0.885754026612	0.0944873320526	0.00494184115446	0.00493949208364	0.00494225483279	
0.0111847203478	0.0112154569235	0.0112402860226	0.0111934872873	0.0111893837277	0.943976665691	
0.00495399507537	0.975282686575	0.00495424821067	0.00493538269042	0.00493805966082	0.00493562778762	
0.00509571905519	0.974527515896	0.00511121971914	0.00509478589962	0.00508804411863	0.00508271531182	
0.00223801592886	0.88894125324	0.102097358525	0.00224355985629	0.00224123199164	0.00223858045828	
0.00419345040473	0.979001974903	0.00420778905485	0.00420049716487	0.00419988901947	0.00419639945303	
0.004675927499	0.153334675785	0.00468229764499	0.00467566791348	0.827955923512	0.00467550764529	
0.00430254106568	0.978470387048	0.00430497122131	0.00431354123816	0.0043050771389	0.00430348228748	
0.00510346963098	0.974499360302	0.00509992931292	0.00509818831434	0.00509077603956	0.00510827640065	
0.00168044984261	0.00168702889579	0.99159481996	0.00167997329963	0.00167881292883	0.00167891507363	
0.00621381181822	0.968860088704	0.00623162899423	0.00623069762902	0.00621314267058	0.00625063018411	
0.00840012154628	0.957998363018	0.00841198416711	0.00838759753507	0.00839810672801	0.0084038270057	
0.00221158464653	0.305674416932	0.00221688399411	0.430492299536	0.257188246359	0.00221656853207	
0.730466151838	0.25459141292	0.00374522007813	0.0037331635242	0.00373327478948	0.00373077685025	
0.00621912338142	0.968926418253	0.00622082536571	0.00621229221995	0.00620835352581	0.0062129872542	
0.00409587022749	0.979511864255	0.00410283737198	0.00409840917299	0.00409396459924	0.00409705437281	
0.0062295443478	0.968915414607	0.00622777548862	0.00621089257769	0.00620583883236	0.00621053414656	
0.00190802068504	0.990454262518	0.00191272909277	0.00190940553021	0.00190749828854	0.00190808388535	
0.00342700632474	0.0034364458185	0.00343898322589	0.982842027101	0.00342878079885	0.00342675673098	
0.214775908946	0.00318067516869	0.00318241347643	0.355010301579	0.00317275624108	0.420677944588	
0.00140013843418	0.00140419765239	0.992992774561	0.00140101809693	0.00139855839845	0.00140331285728	
0.0017326922566	0.989786885033	0.00327742900809	0.00173467908482	0.00173426177613	0.0017340528413	
0.00200681063273	0.112626847013	0.11502060469	0.00200318627233	0.766338609963	0.00200394142816	
0.00883085226516	0.00885609538227	0.00884310014636	0.00883789902825	0.00883955301507	0.955792500163	
0.00765133098256	0.961817445589	0.00764899575695	0.00765977572748	0.00761212606351	0.00761032588093	
0.000923141067678	0.00878070551832	0.987528755241	0.000923199020874	0.00092140831446	0.000922790837986	
0.00258260975627	0.00258922389728	0.987062967348	0.0025869335193	0.00259244070788	0.00258582477134	
0.00525096837379	0.00527096492611	0.973729403232	0.00524588282223	0.00525135587679	0.00525142476911	
0.986221882376	0.00276079047959	0.00275690706926	0.00275480761951	0.00275030338815	0.00275530906754	
0.00295022388943	0.505448731641	0.00295311614392	0.0029494339882	0.48274918806	0.00294930627736	
0.00800002074327	0.00801884083751	0.00803358211593	0.959951844758	0.00799228243816	0.00800342910732	
0.00158450564658	0.00158951565891	0.573183736953	0.00158886670076	0.00158517133959	0.420468203701	
0.00599584864942	0.00601637857966	0.969999799307	0.00600102597673	0.00599336160514	0.00599358588156	
0.001291703885	0.977834227268	0.0170014110501	0.00129237791268	0.00128969006255	0.00129058982164	
0.00317346287241	0.276338840842	0.710973660059	0.00317163819329	0.00317381048953	0.00316858754415	
0.00171642762134	0.00171818156784	0.991421978961	0.00171466426025	0.00171360889819	0.00171513869101	
0.00212823321546	0.290616491773	0.700877242204	0.00212727430583	0.00212475231232	0.00212600618898	
0.00990519593319	0.0099266781542	0.00992234008171	0.00990665249869	0.00990376317653	0.950435370156	
0.00838296738984	0.958051871022	0.00839136093755	0.00838985672526	0.008404486101	0.00837945782478	
0.00673310826765	0.00674359336015	0.00674195114617	0.236471554157	0.0067201350568	0.736589658013	
0.00202708902478	0.00203194701604	0.989869475287	0.00202292293542	0.00202204332678	0.00202652241	
0.00839078545334	0.00841254787344	0.00839361596777	0.0083852700618	0.00838080506417	0.958036975579	
0.00163336468339	0.541581993598	0.451889890494	0.00163419507552	0.00163049580278	0.00163006034668	
0.00453495412865	0.646064552068	0.00455319668755	0.00454334696462	0.00454276061846	0.335761189532	
0.0012824645554	0.288660007692	0.706214107248	0.00128150939301	0.00128090884222	0.00128100226939	
0.976671827156	0.00467021867399	0.00467241750896	0.00466274375078	0.00465833626629	0.00466445664376	
0.280335675896	0.00468709800885	0.00468553587506	0.0046715714306	0.00467254245859	0.700947576331	
0.000663028671046	0.000665549796846	0.9966815821	0.000663303959432	0.000663466167958	0.000663069305172	
0.00193014897004	0.990331054432	0.00193784684479	0.00193545656192	0.00193419652611	0.00193129666503	
0.00212593022052	0.00213212888785	0.989356654739	0.0021253892741	0.00212536639732	0.00213453048144	
0.00131226438115	0.00131617101842	0.993437719965	0.00131186035753	0.00131069790315	0.00131128637433	
0.00602291036311	0.00602849500453	0.969932170993	0.00600420319043	0.00599998883302	0.00601223161592	
0.00166505942568	0.00166940689749	0.271799774921	0.72153786921	0.00166409616534	0.00166379338053	
0.00258535521107	0.987075969474	0.00259078833576	0.0025839789792	0.00258119440565	0.00258271359453	
0.00672476285655	0.00672421083633	0.0067276386003	0.96639224761	0.00671007366373	0.00672106643271	
0.00171483932417	0.991414670691	0.00172057113321	0.00171815973255	0.00171394928994	0.00171780982916	
0.00161441397731	0.351325637332	0.642212427512	0.0016155905031	0.00161307730044	0.00161885337514	
0.00236613795615	0.00236847820167	0.662708289378	0.327826443359	0.00236399975169	0.00236665135318	
0.00176765432159	0.850638483364	0.142290225426	0.00176716201362	0.0017669054394	0.00176956943602	
0.987980845412	0.0024081480566	0.00240773642652	0.00240010646673	0.00240019473751	0.00240296890088	
0.0181263942021	0.00648865712219	0.955993220403	0.00646569556202	0.00646196619123	0.00646406651899	
0.844527877515	0.147151849465	0.00207939188058	0.00208866855875	0.00207648027206	0.00207573230842	
0.0105191794222	0.0105123527826	0.0105307976939	0.94746961542	0.010470538994	0.0104975156872	
0.00294786130779	0.00295369773722	0.00295233131866	0.00294737329302	0.985253533734	0.00294520260969	
0.00243425901232	0.00244300968431	0.00243934409512	0.00244441604776	0.987806064993	0.00243290616781	
0.00799427828467	0.960023126747	0.0080065303704	0.0079954050295	0.00798117890013	0.00799948066787	
0.00123401216811	0.00123852138779	0.99382432096	0.00123442177329	0.00123435950276	0.00123436420776	
0.0039167085078	0.577132362409	0.00392116693664	0.00390732888585	0.00390786243787	0.407214570822	
0.00561523738624	0.0056207010789	0.0056185080686	0.00560959231262	0.971922808753	0.00561315240089	
0.00193234879675	0.00193846642449	0.0019362165927	0.990328443503	0.00192918562114	0.00193533906201	
0.00986786467728	0.00991455651801	0.95059764025	0.00987896592811	0.00988003670075	0.00986093592544	
0.000836982084843	0.184901639895	0.811753540478	0.000836634986161	0.00083545883336	0.000835743722044	
0.00168051277379	0.991600773331	0.00168357725321	0.00168007780694	0.00167675831835	0.00167830051645	
0.00262720140278	0.00263190510754	0.00263415523238	0.0026314589963	0.00262369669714	0.986851582564	
0.0060037810739	0.00601832342774	0.969976592831	0.00600254136351	0.00599342369181	0.00600533761212	
0.0016474626146	0.654885032066	0.338526486635	0.00164797464793	0.00164590517336	0.00164713886286	
0.00130172433945	0.993489209487	0.00130410617716	0.00130143788821	0.00130181793495	0.00130170417314	
0.00148583661206	0.10311565544	0.890936696885	0.00148761251606	0.00148833797542	0.00148586057103	
0.00147158889493	0.992637344122	0.00147536427304	0.00147179928116	0.00147185704117	0.00147204638731	
0.0016957328155	0.452816644805	0.540396892568	0.00169584374924	0.00169684876837	0.00169803729302	
0.0022116211753	0.565260643315	0.425896149718	0.00221417550623	0.00221037948467	0.00220703080066	
0.00294441268842	0.985271104068	0.0029521935388	0.00294429578643	0.00294421494972	0.00294377896841	
0.00765268852776	0.00766648128399	0.00766012602496	0.961729537522	0.00763932948146	0.00765183715957	
0.00599781127726	0.970004468673	0.00600704307727	0.00599536714944	0.00599708501392	0.00599822480903	
0.00151265684542	0.992427300584	0.00151934256644	0.00151506833689	0.00151147153189	0.00151416013562	
0.00322680531204	0.938272711541	0.00323484736506	0.00323407760322	0.0487975712984	0.00323398688003	
0.978943476213	0.00421410116754	0.00421767298797	0.00420678588024	0.00420874588314	0.00420921786801	
0.00202549933449	0.196898844602	0.174947237359	0.00203059877856	0.0020278578354	0.622069962091	
0.00762848343631	0.00764237225541	0.0076517420057	0.007638001317	0.961808309386	0.00763109159966	
0.960004126238	0.00801321352814	0.00800646838593	0.00799082194646	0.00800592225967	0.0079794476414	
0.0058021190268	0.970998298013	0.00581323131699	0.00579430275675	0.0057921203258	0.00579992856027	
0.00212533339215	0.989354567043	0.0021302887826	0.00213039141047	0.0021248647586	0.00213455461319	
0.00987694787278	0.00988361717421	0.00990886219106	0.950589183669	0.00986081775749	0.00988057133568	
0.00124413327217	0.00124865554252	0.993775326587	0.00124429810785	0.00124217033498	0.00124541615538	
0.00107777323904	0.994613986512	0.00107900198514	0.00107633943937	0.00107652885969	0.00107636996512	
0.00560507485649	0.491853477234	0.00561536248858	0.00560315716522	0.485718280063	0.00560464819213	
0.00336146540745	0.00336669246635	0.98319929538	0.00335957378209	0.00335471077453	0.00335826218949	
0.0120151103302	0.0189011958635	0.0120444069352	0.0120366498181	0.0120557712181	0.932946865835	
0.00336103795029	0.660652491441	0.0033701330516	0.325887665457	0.00335802137635	0.00337065072324	
0.313136810542	0.455281580776	0.156616828422	0.000619445521057	0.0737277813695	0.000617553369954	
0.684098406051	0.296117789805	0.00494616175919	0.00494539113265	0.00495020434342	0.00494204690879	
0.00986811173464	0.950589278676	0.00990071418343	0.00990812100632	0.0098755264449	0.00985824795518	
0.00350437231162	0.49892794834	0.003503842845	0.487052653479	0.0035032106106	0.00350797241327	
0.000559888496765	0.739356709234	0.258402091226	0.000561564161029	0.000559884006708	0.000559862876401	
0.00258704045617	0.29868519126	0.690963114393	0.00259186060138	0.00258184280718	0.00259095048259	
0.00098327516738	0.173228122296	0.102837530118	0.720982018085	0.000984287680504	0.000984766652608	
0.000856089967714	0.995712597639	0.000859743418145	0.0008576160709	0.000857110840684	0.000856842063145	
0.00838456858986	0.00841343547446	0.00840662488642	0.00839333332793	0.00838665372306	0.958015383998	
0.00199828647469	0.817827880247	0.174171005096	0.00200534133356	0.00199815726399	0.00199932958411	
0.00623029700017	0.00624377628556	0.00624324845375	0.00622893906799	0.00622472353316	0.968829015659	
0.00294224189792	0.985267994153	0.00294974435322	0.0029475890418	0.0029398067589	0.00295262379553	
0.00160125853848	0.00160290390484	0.991994246258	0.00160204541307	0.00159911853007	0.0016004273559	
0.00430443097507	0.00431164088894	0.00431108562117	0.97846378022	0.00430094385161	0.0043081184434	
0.00136846767663	0.993166361024	0.00137075153706	0.00136506969493	0.00136314028816	0.00136620977955	
0.00323052611112	0.983849804935	0.0032348504171	0.003227598649	0.00322612830999	0.00323109157822	
0.00466525762432	0.00469314222963	0.00467452078411	0.00466815976896	0.00466001533103	0.976638904262	
0.0119765943492	0.940024418936	0.0120151076228	0.0119905822597	0.0119645571316	0.0120287397005	
0.00883950415245	0.955801612714	0.00885193275771	0.00883634079795	0.00882404070576	0.00884656887263	
0.00214965728527	0.989245420433	0.00215433687227	0.00215148241198	0.00215054053662	0.00214856246102	
0.00043519413513	0.992525444264	0.00573564119624	0.000434299793552	0.000434353633223	0.000435066977387	
0.00672122502743	0.966383541455	0.0067268196492	0.00671871106767	0.00671404221275	0.00673566058824	
0.000449691068394	0.934971341272	0.0632303646781	0.000449749940628	0.000449543014723	0.000449310026234	
0.00143549983312	0.437987175872	0.556271620282	0.0014351137803	0.00143505644088	0.00143553379186	
0.00671415888449	0.966410530407	0.00672014660086	0.00671390006847	0.00671478482603	0.00672647921327	
0.00120419245359	0.53905960261	0.456136040891	0.00120112298869	0.00119912413162	0.00119991692566	
0.95573248887	0.0088768641996	0.00884513662305	0.00884202290381	0.00883818206306	0.00886530534015	
0.00230458632842	0.57029157831	0.00230500664723	0.00230702232173	0.00230129154929	0.420490514843	
0.00161423722565	0.00162004004303	0.991921346668	0.00161801173039	0.00161367977003	0.00161268456258	
0.00621309826017	0.968892650062	0.00624241164144	0.00622268831927	0.00621499908406	0.00621415263287	
0.00601317152884	0.664598155933	0.00601897010326	0.311353228396	0.0060044059821	0.00601206805682	
0.0057922975252	0.00579601968154	0.00579739256717	0.00578839068499	0.00578383429449	0.971042065247	
0.466369905402	0.488742770349	0.0112369281046	0.0112137394651	0.0112130899367	0.0112235667423	
0.000700738075928	0.338750274195	0.641016124841	0.0181328273396	0.000700383014369	0.000699652534472	
0.00284436651302	0.00285359578889	0.116444501619	0.00284780845869	0.872160628791	0.00284909882938	
0.00342635067939	0.00343375184429	0.00343996019025	0.00342960167708	0.00342547087877	0.98284486473	
0.00799042122002	0.960031636284	0.00800780710718	0.00798364123746	0.00799300972354	0.00799348442743	
0.00131471008468	0.324250731561	0.584897442725	0.0869073686635	0.00131466169678	0.00131508526879	
0.000534508728805	0.934757628266	0.0631074366456	0.000533651846581	0.000533056388673	0.000533718124089	
0.0076292573171	0.961836679377	0.0076582566576	0.00763812212918	0.00762510135945	0.00761258315999	
0.000571280554443	0.982354204415	0.0153592713606	0.000571989897558	0.000571651269993	0.000571602502735	
0.000747209044372	0.000748698011179	0.668568650252	0.328438226176	0.000747789335363	0.000749427181252	
0.00236744382998	0.975807722373	0.0147280659755	0.00236729585271	0.00236366073452	0.0023658112348	
0.006227543916	0.00624726321018	0.00623311181302	0.968848866614	0.00622387008287	0.0062193443643	
0.00645653704456	0.0064634425392	0.967710137226	0.00645603448081	0.00644980483931	0.00646404387006	
0.000932051192286	0.995335631159	0.000934196267918	0.000933498472202	0.000932236441214	0.000932386467056	
0.000753516377233	0.996232505912	0.000754831922757	0.000754407037179	0.000752540841097	0.000752197909469	
0.00233461272596	0.988336529733	0.00233972702045	0.00233125940988	0.00232826910092	0.0023296020101	
0.00123567335436	0.00123856825175	0.338423340455	0.00123768814536	0.65662983727	0.0012348925238	
0.00300200518816	0.0030067981566	0.984988375107	0.0030005636874	0.00300074525961	0.00300151260139	
0.00798872710079	0.00802326411476	0.95999965874	0.00801153590188	0.00798834168223	0.00798847246061	
0.00275123105316	0.986237929056	0.0027541751805	0.00274961282152	0.00274829772895	0.00275875416006	
0.00801664589648	0.00803163392266	0.00803224620314	0.222382012368	0.745533414802	0.00800404680738	
0.00299930631335	0.0030156299858	0.00301037810824	0.00300362457476	0.00299977708159	0.984971283936	
0.00454689060071	0.437511819596	0.00455223850239	0.544309239318	0.00453834768651	0.00454146429637	
0.00144862029136	0.992685630572	0.00152212805896	0.0014473878956	0.00144779161298	0.00144844156949	
0.00147430839558	0.829530672368	0.151938258026	0.014109089811	0.00147273732619	0.00147493407306	
0.0660310762301	0.00216018986533	0.158546584089	0.00181070092193	0.00180828244131	0.769643166453	
0.00212750622801	0.752833391777	0.0642137145586	0.00213147632318	0.00213079619366	0.17656311492	
0.00124308765201	0.993770723457	0.00124676220212	0.00124594691991	0.00124548565867	0.00124799411079	
0.00236574503765	0.988162666712	0.00237326896393	0.00236624132093	0.00236409679405	0.00236798117131	
0.00207147599119	0.989624967641	0.00208205917846	0.00207434530447	0.00207355902073	0.00207359286438	
0.00178640299417	0.00179052754832	0.00179073254727	0.991055866699	0.00178887737274	0.00178759283881	
0.00562771585157	0.97195048778	0.00561345077496	0.00559767039489	0.00560851819185	0.00560215700714	
0.00932595269939	0.00934675800981	0.00934550714193	0.953297684684	0.00931999825311	0.00936409921206	
0.000669502292734	0.996652204444	0.000671603449085	0.000669256456723	0.000668993358533	0.000668439999407	
0.00117369018172	0.99038022541	0.00491889303643	0.00117786114136	0.00117562859638	0.00117370163371	
0.00166299397727	0.991678979879	0.0016676359692	0.00166433753615	0.00166245258052	0.0016636000575	
0.00841244771473	0.957937672299	0.00842521705659	0.00841556121498	0.00840078644884	0.00840831526635	
0.00420574313981	0.00421660520643	0.00421113712143	0.8647052702	0.00420407997924	0.118457164353	
0.0013123442812	0.00131689413284	0.993429005438	0.00131491476892	0.00131454600081	0.00131229537805	
0.00762226568823	0.00764646737103	0.00764698060845	0.00763215736946	0.961824690302	0.00762743866086	
0.00729700642202	0.963513532531	0.00731084977458	0.00729903114832	0.00728301910619	0.0072965610179	
0.00645421291606	0.967684753834	0.00647556541904	0.00646369265735	0.00645681965968	0.00646495551411	
0.0014116119592	0.992938320558	0.00141511035777	0.00141161036978	0.00141110916178	0.00141223759332	
0.011986065817	0.940059880781	0.011995606171	0.0119808073414	0.0119718769591	0.0120057629308	
0.00762656940277	0.007673987325	0.961834477599	0.00761551620633	0.00762956589467	0.00761988357196	
0.00180554289761	0.990967817509	0.0018111264524	0.00180475711854	0.00180369685876	0.00180705916382	
0.00408687555216	0.00410012576496	0.979515869144	0.00409764782871	0.00410811889874	0.00409136281152	
0.00884671880568	0.946610699119	0.00884998398837	0.00884761228282	0.00882911138818	0.0180158744163	
0.766650432291	0.226479073585	0.00172022498792	0.00171889521584	0.00171477843701	0.00171659548295	
0.0018875442369	0.00189329489579	0.552669934212	0.00188872296783	0.439771246939	0.00188925674762	
0.00136916268037	0.00136951368407	0.62952374093	0.365007857899	0.00136531001629	0.00136441479037	
0.00524692580183	0.00526355618907	0.00526559966304	0.973720765449	0.0052500133187	0.00525313957871	
0.00227370675671	0.988632089993	0.00227771215271	0.0022743952395	0.00227124170769	0.00227085415074	
0.0047941167471	0.00481349667292	0.755300202497	0.00480266378578	0.225478215651	0.00481130464681	
0.00243187491641	0.987826734029	0.00243925179119	0.0024361739776	0.00243069920413	0.00243526608136	
0.0017119730545	0.99143029045	0.00171874243091	0.0017145585161	0.00171318701047	0.00171124853766	
0.0013675235704	0.244480630034	0.473382454545	0.278034061304	0.00136625964714	0.00136907090024	
0.00266222541091	0.00465996572552	0.00267049632826	0.984671785291	0.00267269425238	0.00266283299171	
0.00494164765545	0.00495089162769	0.00495394236843	0.375439874721	0.00494052945035	0.604773114178	
0.0111909903858	0.0112131246238	0.0111878653759	0.0111629252445	0.0111664763338	0.944078618036	
0.00839870661704	0.957970967304	0.00841508167577	0.00841163757308	0.00841406936341	0.00838953746695	
0.00254412685088	0.0025560361353	0.98726012807	0.00254989377611	0.0025451132008	0.00254470196723	
0.000600337590621	0.198276447085	0.799320192764	0.000601720504347	0.000601305234241	0.000599996821107	
0.943953453267	0.0112303457759	0.0112184233551	0.0112125238511	0.0111903198903	0.0111949338607	
0.00729515392079	0.963482611522	0.00733223899043	0.00729551821045	0.00729522527424	0.00729925208227	
0.0152480380637	0.0152968086889	0.923718999576	0.0152439223861	0.0152487608856	0.0152434703994	
0.00699891611421	0.964978544783	0.00702119868858	0.00700692940672	0.00699710485434	0.00699730615291	
0.00207298248758	0.00207787150778	0.989623351461	0.0020768548371	0.00207382132474	0.00207511838156	
0.00188814882876	0.409184461007	0.396370099064	0.188783319129	0.00188683911305	0.00188713285844	
0.00411111473102	0.979496425429	0.00410708078172	0.00409939715172	0.00409256144179	0.00409342046514	
0.00220801065503	0.988949879617	0.0022112359768	0.00220869696464	0.00220778356772	0.00221439321884	
0.00728871258159	0.963523608913	0.00731481104373	0.00729343724744	0.00730267670151	0.00727675351233	
0.00161526184063	0.928640171713	0.0648997426258	0.00161745292224	0.00161302453146	0.0016143463672	
0.00232874168004	0.00233616029598	0.988342987774	0.00233110446939	0.00232854824467	0.00233245753581	
0.0129094001218	0.0129163228368	0.0129221658503	0.0128965925389	0.0128870122376	0.935468506414	
0.00883024070144	0.955833213452	0.00883438041234	0.00882662281176	0.0088289901549	0.0088465524673	
0.0027482138501	0.986248685876	0.00275511114926	0.0027475890873	0.00274856219996	0.00275183783694	
0.97597381761	0.0048122155904	0.00481713561163	0.00480185949473	0.00479587824039	0.00479909345271	
0.00117520887066	0.6858841145	0.00117777167977	0.309413717448	0.00117533194899	0.00117385555263	
0.959948190111	0.00804156161588	0.00801155392195	0.00800665302634	0.00799300436327	0.00799903696162	
0.00600168831551	0.862984255686	0.112987092975	0.00601428075169	0.00600406902209	0.00600861324974	
0.00599279501151	0.0060011302988	0.970030984076	0.00599797651464	0.00598590502248	0.0059912090765	
0.00197786619993	0.99009954941	0.0019820613308	0.00198189099704	0.00197679460848	0.00198183745413	
0.00243342004293	0.560948643859	0.429322875464	0.00243400006498	0.00243239958539	0.00242866098438	
0.0021775962811	0.00218458694999	0.989103729753	0.00217791361339	0.00217612190471	0.00218005149808	
0.988473919747	0.00230849082	0.00230890034794	0.00230291780159	0.00230323944093	0.00230253184268	
0.00127184292756	0.00127688136392	0.153983778604	0.840923436667	0.00127152445644	0.00127253598039	
0.00649064271952	0.00648895871703	0.00648078112404	0.00646681962321	0.00646065211658	0.9676121457	
0.96002494313	0.00799999083193	0.00800174832637	0.00799164806439	0.00799524672524	0.00798642292172	
0.00178711524838	0.00179057983113	0.00179162398618	0.991055392972	0.00178768339161	0.00178760457102	
0.0014990688474	0.00150244078286	0.992492571268	0.00150175763925	0.00149900790327	0.00150515355961	
0.00578554764165	0.00579533487927	0.00581158245472	0.00580077036907	0.971019272245	0.00578749241073	
0.000542979220345	0.000544844083468	0.997280320783	0.000545267277016	0.000543120446156	0.000543468190442	
0.000479675331026	0.989454055087	0.00862528521468	0.000481052225818	0.00047998625295	0.000479945888911	
0.00171225177246	0.991427572515	0.00171548478645	0.00171259178059	0.00171414247293	0.00171795667243	
0.00467440567831	0.976622249141	0.00468548424326	0.00466656954245	0.00467753887412	0.00467375252057	
0.00560558550515	0.971988202942	0.00560629366914	0.00560058980521	0.00559902720941	0.00560030086864	
0.00275568544753	0.0027628537473	0.00276441477122	0.986207348629	0.00275269967295	0.0027569977316	
0.00466355912394	0.00468008696441	0.976652260985	0.00467959578537	0.00466188395548	0.00466261318533	
0.00250698610855	0.461481720494	0.528485122943	0.00250637852207	0.00250647871048	0.00251331322186	
0.00212610234872	0.327214393591	0.00213087067381	0.00212778216252	0.66427159083	0.00212926039476	
0.00205483067068	0.00205588971869	0.0612760585907	0.0020526707737	0.930506341005	0.0020542092413	
0.00124757616853	0.754173404504	0.240843570776	0.00124669951072	0.00124513284524	0.00124361619553	
0.000855470318379	0.989626312487	0.000855390727282	0.000853986464868	0.00695631972018	0.000852520281967	
0.000718381927341	0.996407373186	0.000719380033667	0.00071788649339	0.000718325447949	0.000718652911249	
0.00322997055508	0.00323934446705	0.983841580614	0.00323099607507	0.00322787101256	0.00323023727633	
0.00207396694169	0.840918083205	0.00207838625794	0.150782456277	0.00207394258671	0.00207316473117	
0.00146049346251	0.992688642758	0.00147311059744	0.00146014179507	0.00145871653697	0.00145889484979	
0.00730625918879	0.00732043701874	0.963473597144	0.00730529546066	0.00729145510392	0.00730295608435	
0.00800465364892	0.583100325688	0.00800567583242	0.0080008057069	0.00801118751651	0.384877351607	
0.00579101790323	0.0058117873097	0.389149843657	0.00580169805179	0.58765299127	0.00579266180796	
0.00579516827426	0.971004170172	0.00581033224474	0.00579151518816	0.00578483979317	0.00581397432808	
0.00356548455254	0.00357229698058	0.00357704321908	0.982144077728	0.00357288090909	0.00356821661094	
0.00141473715699	0.501370866505	0.00152623201573	0.00141505060161	0.49286078284	0.001412330881	
0.000965925825422	0.995169304657	0.000968363149267	0.000966895765341	0.00096529340633	0.000964217196245	
0.00342643262679	0.982829879913	0.00343450566195	0.00343241058533	0.00343819562577	0.00343857558674	
0.00357818262646	0.00358173000656	0.982124643	0.00357372848057	0.00357018680881	0.0035715290777	
0.00127432740846	0.9636911825	0.0312161150697	0.0012737136847	0.00127154792095	0.00127311341632	
0.00130337602986	0.0147136366365	0.980077208364	0.00130290579599	0.00130190302554	0.00130097014788	
0.00239978685807	0.988004493026	0.00240133253814	0.00239917999026	0.00239379052068	0.00240141706671	
0.00729813965062	0.00731296936528	0.00729884362559	0.00729757673996	0.00730512102498	0.963487349594	
0.970982687166	0.00581202165464	0.00581758115244	0.0057956338856	0.00579230783048	0.00579976831063	
0.00357842833154	0.982113675495	0.00358498470273	0.00357523923026	0.00357177856391	0.00357589367676	
0.000953815628573	0.975063493902	0.0211204740387	0.000954682136744	0.000954030637505	0.000953503656414	
0.00138922715561	0.568685910024	0.00139213641307	0.00139010865203	0.425755790474	0.00138682728147	
0.00442191403204	0.977910331427	0.00443024679625	0.00441537388144	0.00441012122585	0.00441201263741	
0.162314006849	0.83493977377	0.000687770994099	0.000687033565327	0.000685615690784	0.000685799130693	
0.958048825004	0.00840937740089	0.0083919898718	0.00838466272333	0.00837476048708	0.00839038451332	
0.00579519176146	0.00580385278432	0.971014399036	0.0057949223005	0.00580656363378	0.00578507048375	
0.00699409328357	0.541799648316	0.00702098458593	0.00701013983793	0.00700358970026	0.430171544276	
0.00258492061823	0.98707423613	0.00258665836474	0.00259009197161	0.00258104443161	0.00258304848428	
0.00195237868535	0.00195698526952	0.990228821938	0.00195460631274	0.00195359829333	0.00195360950097	
0.531457341024	0.220247114365	0.00295695448499	0.239436813622	0.00294654015133	0.00295523635214	
0.6916488408	0.281483126446	0.0067280944507	0.0067159994205	0.00671358943706	0.00671034944577	
0.00481093122179	0.00482129836387	0.975982558878	0.0047973375058	0.00479220178355	0.00479567224649	
0.0015268736314	0.00867308525086	0.985221465496	0.00152748362837	0.00152552673988	0.00152556525342	
0.00886055579467	0.955727142094	0.00887009740093	0.00884164441896	0.00883705208126	0.00886350820972	
0.00121792873201	0.105835748031	0.889292636528	0.00121820312818	0.00121734655336	0.00121813702798	
0.00336525604052	0.983176233661	0.00336816976308	0.00336224386548	0.0033594612794	0.00336863539089	
0.00838941028177	0.958028701535	0.00841070948567	0.0084003674879	0.00838575854164	0.00838505266838	
0.00198080894473	0.216734462109	0.775351099649	0.00197818724122	0.00197919019643	0.00197625185959	
0.00579205639399	0.00580963519042	0.00580084974832	0.0057926050133	0.971011852819	0.00579300083478	
0.0083944989537	0.958011320721	0.00840269388194	0.00840479679152	0.00839124206457	0.00839544758749	
0.00143881633353	0.00754893873782	0.986701813281	0.00143762038469	0.00143657471358	0.00143623654976	
0.00195005337505	0.00195761028677	0.990238757737	0.00195229166531	0.00194984005401	0.00195144688181	
0.00699923568984	0.00701168875201	0.00700609959548	0.0070008232571	0.00701249190111	0.964969660804	
0.968829451773	0.00623460270817	0.00623186522599	0.00624375127116	0.00624090571683	0.00621942330475	
0.00186440563291	0.502160644457	0.490375520711	0.00187149272091	0.00186231097972	0.00186562549914	
0.00622154483364	0.968907352446	0.00622348350035	0.00621642556807	0.00620934232733	0.00622185132429	
0.00764164414895	0.961779270009	0.00766989243535	0.00764148014156	0.00763823972146	0.00762947354366	
0.00674259601869	0.00675515481883	0.966319415474	0.00672778604127	0.00672762828599	0.00672741936144	
0.00622731891092	0.00624494689467	0.00624872269693	0.0062231434154	0.0062266718024	0.96882919628	
0.00250487053534	0.987456398001	0.00251644127165	0.0025058044679	0.00250981469282	0.00250667103135	
0.00699348386641	0.964998787603	0.00700720348379	0.00699409520124	0.00699017698482	0.0070162528607	
0.0014975005643	0.992500929776	0.00150471500017	0.00150045985776	0.00149801135348	0.00149838344827	
0.00329654919133	0.983528676	0.00330068581769	0.00328930614609	0.00328889072318	0.00329589212136	
0.00129188104129	0.928964606185	0.0658672078909	0.00129359344913	0.00129126717175	0.00129144426222	
0.0057867763692	0.971043779987	0.0057970405906	0.00580033150195	0.00578275061504	0.00578932093583	
0.00622412159793	0.968879993931	0.00623193951197	0.00622544958947	0.00622188914605	0.00621660622331	
0.001951903839	0.0019544462106	0.00195532627725	0.00195278250364	0.00195040218923	0.99023513898	
0.00311919474182	0.139644878235	0.847892320905	0.00310818878444	0.00311726408893	0.00311815324479	
0.00493531544207	0.00494083116518	0.00494450807267	0.00493345153678	0.00493634572755	0.975309548056	
0.648578526515	0.345817209562	0.00140349043513	0.00140132437772	0.00139934138555	0.00140010772421	
0.00802028407989	0.959957781912	0.00801730545192	0.00800685180787	0.00799970361021	0.00799807313854	
0.00117469246058	0.736265252812	0.259027317789	0.00117830112602	0.00117536520598	0.00117907060702	
0.000903251127678	0.658713890236	0.337650116717	0.000927551513702	0.000903050330081	0.000902140075161	
0.673610425391	0.288381239814	0.00311885171408	0.028652422283	0.00311158602951	0.00312547476861	
0.00623275377946	0.968862680778	0.00623350125803	0.00622483102791	0.00621685845187	0.00622937470494	
0.00176737977206	0.991152796438	0.00177350965885	0.00177163055269	0.0017675092904	0.00176717428838	
0.0062314526831	0.00624147560931	0.00624833051076	0.798552241528	0.176505250468	0.00622124920067	
0.00839027898501	0.00840653331346	0.00839449323445	0.00838195250431	0.00837731367839	0.958049428284	
0.00202449578534	0.989869956919	0.0020277105921	0.00202425034564	0.0020268557832	0.00202673057456	
0.00390238563637	0.980477798654	0.003913526996	0.00390571754057	0.00390346613386	0.00389710503944	
0.00480593706667	0.97599228257	0.00482002859962	0.00479634843918	0.00479304814213	0.00479235518257	
0.00601834418081	0.00601009863395	0.00601282271064	0.00600132115649	0.00600135466751	0.969956058651	
0.00399692076761	0.00400503417371	0.00400283904419	0.00399953538978	0.00399084386411	0.980004826761	
0.961842674735	0.00763619331562	0.00763584185973	0.00762216632394	0.00762356371552	0.00763956005014	
0.0105026296661	0.255856843531	0.0104936712723	0.0105009901471	0.0104972063602	0.702148659023	
0.00699308714064	0.964984320198	0.00700433041048	0.00699637889519	0.00698690469195	0.00703497866328	
0.00246672871819	0.00247262184183	0.987656430737	0.00246906177949	0.00246919362589	0.00246596329724	
0.0010545560421	0.99472055601	0.00105736466785	0.00105688368643	0.00105528460598	0.00105535498782	
0.00409675627032	0.00410487894256	0.00410188243169	0.00409492065805	0.00409750406616	0.979504057631	
0.342518920945	0.475526371536	0.173553569907	0.00280258086358	0.00280034032046	0.00279821642804	
0.622941164799	0.0742060886737	0.297310039138	0.00184936921119	0.001845008444	0.00184832973447	
0.00215515966677	0.00216041922587	0.989216693296	0.00216104423592	0.00215229388166	0.00215438969372	
0.0024677507031	0.715201100083	0.2749288823	0.00246852659396	0.00246695801704	0.00246678230374	
0.0088611086645	0.00887465260268	0.00887789518293	0.955687185563	0.00884783287584	0.00885132511094	
0.00279929896642	0.694655681758	0.00280676193799	0.00280127261741	0.0027988499181	0.294138134802	
0.0027963189754	0.985988840236	0.00281651778068	0.0028002133341	0.00280002993393	0.0027980797397	
0.00215206780515	0.687734211488	0.303659510333	0.00215261585757	0.0021511436905	0.00215045082537	
0.00646969318687	0.967662166809	0.00647836519039	0.0064655938272	0.00646438245611	0.00645979853023	
0.00316563389572	0.00318005691893	0.984146263186	0.00317158604685	0.00316974585892	0.00316671409367	
0.982473016192	0.00351297368773	0.00351110764692	0.00350234918549	0.00349978975395	0.00350076353427	
0.00322770379097	0.00323639333634	0.983840259706	0.00322934813576	0.00323661217474	0.0032296828563	
0.00400027150979	0.00401267251196	0.00401323098415	0.979977943993	0.00399204727453	0.00400383372632	
0.988932680542	0.00221796306663	0.00221611913952	0.00221140097387	0.00220949141577	0.00221234486233	
0.00146203450266	0.99269242855	0.00146513065236	0.00146040998232	0.00145910927085	0.00146088704176	
0.00133227069352	0.993333731678	0.00133706842432	0.00133232051569	0.00133253585462	0.00133207283396	
0.010456018851	0.0104761115569	0.0104667520859	0.01046513525	0.010456711044	0.947679271212	
0.00240979933311	0.622631012729	0.367756046912	0.00240220134454	0.00239849438331	0.00240244529829	
0.0027508619245	0.986239734898	0.00275872450502	0.00274990373328	0.00274912858315	0.00275164635623	
0.00301005206503	0.00300929122638	0.954862329226	0.0331109142156	0.00301021001576	0.00299720325144	
0.00154070706321	0.736828596845	0.00154564800168	0.00154116409944	0.257002322531	0.00154156145977	
0.00143895678158	0.583461818358	0.382875277724	0.029349640449	0.0014351985631	0.00143910812424	
0.00542521692391	0.00544487504612	0.0054272365286	0.00542682489488	0.00542401350816	0.972851833098	
0.991908291054	0.00162041794946	0.0016209426326	0.0016178705142	0.00161607408438	0.00161640376527	
0.00524921985701	0.00526832122237	0.00526801522956	0.973702572985	0.00524951119878	0.00526235950679	
0.00114467687067	0.99427709503	0.00114605753862	0.0011434254831	0.00114293815453	0.00114580692283	
0.00236170460112	0.00236864700263	0.988168198152	0.00237105076774	0.00236576286607	0.00236463661049	
0.00624579103655	0.40271659327	0.437772936001	0.00622552865294	0.00622112224744	0.140818028793	
0.00763384798557	0.961784468078	0.00765473043795	0.00764300735689	0.00764309294238	0.0076408531994	
0.0111960072289	0.0112388255315	0.011212591983	0.943934930891	0.011200625438	0.0112170189278	
0.0040015170162	0.979989377186	0.00400719685017	0.00400083840514	0.00399811523226	0.00400295531002	
0.00839303406315	0.958023836186	0.00840800609455	0.00839761388501	0.00838275356058	0.00839475621093	
0.00233289995359	0.0869902697955	0.00234197261342	0.00233852782473	0.903654995929	0.00234133388377	
0.00136549090858	0.228619581621	0.765914379472	0.00136777010492	0.00136440526325	0.00136837263	
0.00838923239183	0.00842535257917	0.00840729623944	0.00840028484685	0.00839772614857	0.957980107794	
0.000557861016844	0.95465084613	0.000559575155247	0.000559254843901	0.0431139764695	0.000558486384902	
0.00186615047124	0.00998937247463	0.416656382844	0.00187134385866	0.567750158942	0.00186659140968	
0.00173486724878	0.989378689616	0.0036887212522	0.00173300247435	0.00173141435269	0.00173330505598	
0.00840395553266	0.00842666293282	0.00843407173327	0.957915418551	0.00841229180385	0.00840759944601	
0.00289414222184	0.985514796546	0.00290107381734	0.00289827704329	0.00289476439652	0.00289694597517	
0.0067132584998	0.966405011216	0.00672079410386	0.00671763470384	0.0067297489022	0.00671355257413	
0.00731265914786	0.963418797568	0.00732617192715	0.0073116542034	0.00732633533834	0.00730438181511	
0.00931788338284	0.0093598530598	0.00934375701039	0.00933086226889	0.953322688656	0.00932495562256	
0.00230410667152	0.00231008072282	0.00230779644604	0.00230366531023	0.00230215195285	0.988472198897	
0.00114265168986	0.99428844742	0.00114430263371	0.00114182722216	0.00114160919298	0.00114116184096	
0.000814121115978	0.0016678380776	0.995073581555	0.000815069045072	0.000814750293709	0.000814639912522	
0.00373432552364	0.474549315645	0.00374365394984	0.00373805529311	0.00373464520156	0.510500004387	
0.004108438264	0.00411492678931	0.00410410892	0.979488226623	0.00409213307351	0.00409216633008	
0.00442195568146	0.00442912999607	0.977889437157	0.00441902466755	0.0044159251895	0.004424527308	
0.923509537359	0.0153086984194	0.0153214467197	0.0152814996383	0.015263491183	0.0153153266806	
0.583897115504	0.409376023356	0.00168453062056	0.00168128507149	0.00168049222463	0.00168055322325	
0.00119239805889	0.170390699822	0.824842385075	0.00119144504468	0.00119107527101	0.00119199672875	
0.00336575883789	0.00337350092185	0.98317738054	0.00335967784068	0.00335907064172	0.00336461121818	
